CONTAC
245945526
246252929
559504516
200827975
541348225
541411513
540837731
241216636
249657966
249474271
201556445
244095738
247983637
243024594
246653350
241026171
597859615
246169363
243818833
244637250
245956921
243373954
247830818
551552035
242136706
541711919
246166255
501414111
242875416
249484096
541790701
249015456
548379153
246698174
541418063
242628394
246654811
246846555
243214035
245145941
240262537
501368682
554530858
543112929
242944063
243288321
246138387
244454630
244024867
242875416
244237120
244036902
243517996
545431180
245275827
243425763
595703132
545586627
244877335
243287881
242239205
248640630
244792239
244996976
248358703
207916887
244177660
242657632
206946412
243542458
243942769
246817607
246353515
244097669
245406099
245406099
244736424
244935520
208251411
205888749
555478173
244289655
244363065
542842719
243505656
546041355
243140345
242914597
555974767
242609550
249779222
244272481
242152460
243669115
245047601
242079982
243308920
245030295
249174315
244753573
242541164
244944084
246972430
547999897
542877577
243451858
243672877
247848013
243089456
240310282
206980682
595820883
244635817
553223919
245361064
500302407
556069661
243177808
558353378
553333202
242804179
243835727
244945843
242009136
243165250
241856827
244059534
249601021
244809988
246073199
201365169
242574714
248167625
244996818
242178162
248959648
243970342
243158757
246406344
208024344
242727723
249310848
541842293
591398562
549434295
559782265
246139673
595315779
243393528
243285709
546297612
543144954
246256622
243841981
424159582
244845609
200009241
550677099
546213173
243460853
246104556
244043302
240558289
245538734
546790293
544440560
244820332
244758295
248158254
245272255
556989646
247273922
246162281
241761097
244798807
257325848
246755412
249480299
249249079
550944313
244301550
249744834
247285750
246459602
240163768
240316959
558081008
546465586
243039470
546792974
244479430
246872081
242159292
244733457
543590846
242141419
247115870
540525864
247754350
247754350
548937504
244692542
244088078
540741780
246583165
248006754
242968179
244768825
234751663
244798785
244297356
560527015
243335189
242137287
243224028
243674270
244118072
244371894
591719424
243468399
244016790
244095934
246483377
553862637
245151065
243404075
545697662
244150096
242536420
243211002
246822122
243146506
245811179
244894263
243842027
246563077
246075200
546923352
243625817
555914334
244848062
244814561
546099613
249524760
244713376
242076917
243328747
244382841
244382841
541918962
244856858
240742687
249281736
243565853
243542456
548092980
559243771
246360570
244731060
542470089
244925215
242750079
240857941
542859157
249761782
244972210
241226346
246916712
244461330
244276881
243220834
246554468
244311107
204228888
262013887
244364191
554225229
244487438
204241819
244541994
249779090
246648374
244998475
545115840
244021866
244408353
244940637
207772198
554361242
243564289
245004532
266037757
241201993
247808511
244049742
246191550
244374091
540451681
554299694
247874821
244646864
243901191
208300230
542564041
243569198
268149999
244692457
549635806
246139836
243943500
244239169
242905993
249341954
244353074
244076616
244984941
248580426
240431289
242557702
208214591
242044405
246059110
244789387
242356691
244379072
244992825
249460181
240372470
246399976
242855183
247873885
244632017
542661423
505812845
594544796
243144705
244124393
208120421
246579468
242172027
249181869
245526410
244127011
243146229
242170482
547810213
246449652
542563710
550667411
244697891
246151564
244408227
244839938
243011728
243421360
205544309
240443313
542302087
552871966
244838955
244594967
548767208
551218583
246839953
244870600
508260696
209988114
200597274
244871640
277771703
544860410
247307112
242984241
244366151
243472243
241683493
209890004
243196360
244940656
549741952
552452890
249996709
273455502
244418954
244926572
240875723
242984241
206067399
244043540
240712799
200761457
244575213
208472526
244941670
243412446
200309531
244488636
244877595
554193591
233370070
202925179
243787271
244690553
243649176
244287545
244169643
262009295
243573639
547883374
246153120
248466629
244990550
246465181
543258835
242287728
244381762
249969772
540995467
242088212
244167199
242206445
249238740
242220249
242315556
542099965
247585802
249227137
555133132
249308221
245817382
249744825
248689204
555874564
244691641
242816864
548709094
243050532
557473131
240783705
543500357
541484609
541218133
555902900
552774043
209944442
241052059
541995838
265362225
243836127
244378010
249751757
244849198
246806968
208531105
557731906
246584717
249119101
243787362
249708277
0
243881164
233177057
243727725
248598929
246661576
244171425
247888859
243578691
592311262
243964289
244515053
240809944
242382198
242232350
249238015
249171563
242023090
248602465
248682851
247798413
243719437
243227622
244549903
246397232
244333786
244458506
244857480
244323417
246490056
501287870
208799432
244236728
243835430
543216699
247548890
242369509
244386872
544835272
245841385
243102311
244505161
246566029
248979905
244995893
243820182
240337979
595771764
244567729
244584113
244461278
244726867
591702680
553675816
244802403
244011196
249394622
245417123
244171471
243910883
0
243933038
249394731
243884285
247047702
246317173
541203325
548956287
243374230
243374230
249775580
243377373
243809977
243443720
0
244071033
242061828
205378512
247182928
245340230
243504952
554667199
243372074
549436336
244147996
245818929
248242325
269524153
243074013
246266517
240069530
246120095
249511120
208539147
545486577
243689641
244869589
541715091
243610039
244786554
242022351
242878607
242179556
244406927
242874584
243321771
246961617
557216609
241437637
248213444
243336854
542907476
245134704
242165661
200880140
242540801
242118139
549192361
240069606
243405070
591979975
247498524
244242943
240626090
555782390
541906236
208314366
246852627
244011514
246520080
244629966
542357595
208166436
500404081
244259615
240343128
242174502
244958300
544444842
266437478
244286404
0
243423367
0
243464557
246596911
249712821
0
242267253
203210947
244159485
596118931
244296817
243933492
540582442
208116840
244724752
548697135
243972720
208013515
205546736
545776505
243159351
244081145
543654127
246904949
266611445
244644075
249270666
241790965
244524518
244973599
243308569
208143553
206008422
243228728
244782413
548006675
244221834
266583333
245242404
242118955
265111109
243972672
246705823
242306565
273275368
549491287
244591164
244461682
242496679
244457240
244484750
243505706
244540575
548075444
244449338
245155554
245786581
243370825
208396424
208171868
244463384
242050270
506994876
248712168
557807576
244207550
247700254
244204836
249381455
241416045
244653924
243876434
244827129
242957616
248383813
549552350
244441790
244516897
555910776
554582462
243479079
244561888
244524335
246314984
558059090
247068094
242718578
242168817
246406064
203903996
265065279
245909100
206435281
544494090
547369038
552123777
248585688
540303324
546063284
557204294
242343588
245386456
247663685
244277178
549674401
558751676
248732972
0
242839273
246318804
242176420
247513275
260816690
548815044
503458581
543744750
553630158
244114757
201212340
244590666
547022299
242851026
245099811
246211846
240568308
555426923
501802691
241667845
555890913
277680266
248582003
241807772
555426923
242789836
244461647
247222749
247222749
235755755
277427640
204200510
244524264
596347965
244781011
264414302
244809898
242675600
245523006
546485587
544893831
244618865
245841887
543436702
244151622
242350816
247419900
247033245
549945749
242964291
244873034
245962610
245854103
201706682
244085521
244384756
242350946
245191790
241376697
542650474
206006059
544103356
244663885
245082764
244692145
266767630
249760351
244536858
244955551
243120776
243855635
244615672
244773481
249476498
542083024
244275715
546165285
203254888
244589725
244274091
243936239
243113231
246361186
243239413
243247430
244207266
546597955
541530539
243130144
244512448
244373218
244453811
240475834
544244381
248626185
244159727
204838735
244258138
245885429
242385942
558438982
243318662
246664176
242773020
267730990
553979046
242270287
241543032
244873453
244403825
244136827
248733440
546281660
552468644
209487364
243734898
244820932
543204494
273081230
548022270
542740274
243309067
542304767
248858983
244291669
553647547
246508370
241683587
249828143
242645477
243307093
249143004
246244131
245630231
244589934
249913819
242079818
242018500
244076205
245460486
242336686
243116474
244210015
244613211
270738901
241227129
242964493
246757103
244063144
243549985
549888111
243576086
246951531
244847190
242232391
244749201
243119727
554014521
243676865
550830867
243421511
249922877
249930805
249424004
243764050
241244233
244872402
240602735
244466511
244892608
244466511
244024953
246371166
242323355
244142318
245436743
260583388
243806189
244627274
242821911
244232070
244071053
551715861
243969511
244627238
547403922
509628866
244159197
243843520
243334310
548087662
244525954
244587064
245386088
249355064
554669191
248387917
244912875
245958292
553338753
244133861
543109307
246883427
547654595
247006471
544724549
242241515
552834766
557117269
544199733
244261829
247964449
246452149
248053135
506586668
342030011
544724549
208139580
246730408
249691136
244847656
244804117
244812075
244589166
243274349
244802926
244159413
248516868
244618982
243042686
243538822
244828783
243522543
246570021
247908969
245871177
243487653
244647342
249122436
244794171
244804075
540763854
244602349
244230502
246742861
244826197
245488084
249120323
242778226
244676466
244506151
244085154
541766623
248263254
260743800
244793715
243847054
246086366
244106612
242262613
244238959
